T=10

 1.5277,2.2260,-3.9405,2.1789
 
 T=50
 
 5.3608,6.4480,-11.0467,5.4113

 T=100
 1.5277,2.2260,-18.9348,8.7506
 
 plotrocs(1.5277,2.2260,-10.9348,3.7506,'k') %T=100
 plotrocs(1.5277,2.2260,-3.9405,2.1789,'g') %T=10
 %%%  plotrocs(1.5277,2.2260,-4.9405,2.1789,'g')
 plotrocs(1.5277,2.2260,-9.9405,2.5789,'y--') %T=50
 
 
 plotrocs(1.5277,2.2260,-12.0348,3.7506,'b') %T=50
plotrocs(1.5277,2.2260,-13.9348,3.7506,'m') %T=100
plotrocs(1.5277,2.2260,-5.9405,2.5789,'k') %T=10